-0.0463624	-0.0432337	0.135946
0.0463624	-0.0432337	0.135946
-0.103746	-0.0598977	0.0902723
-0.0430447	-0.10654	0.0964182
0.0660974	-0.0979936	0.0923493
-0.132975	-0.0620076	0.0311869
-0.0612327	-0.131314	0.0388229
0.0511242	-0.133183	0.0463527
0.11758	-0.0793092	0.0488354
-0.136767	-0.0497792	-0.0362884
-0.073622	-0.127517	-0.0286215
0.0534408	-0.132271	-0.0463525
0.101028	-0.0909658	-0.0633929
0.139541	-0.0453398	-0.0311869
-0.099512	-0.0574534	-0.0964182
-0.0335954	-0.109886	-0.0964182
0.0645162	-0.0768876	-0.111472
-0.00587355	-0.0558831	-0.139078
0.00587355	0.0558831	0.139078
0.099512	0.0574534	0.0964182
0.0335954	0.109886	0.0964182
-0.0645162	0.0768876	0.111472
0.136767	0.0497792	0.0362884
0.073622	0.127517	0.0286215
-0.0534408	0.13227	0.0463525
-0.101028	0.0909658	0.0633929
-0.139541	0.0453398	0.0311869
0.132975	0.0620076	-0.0311869
0.0612327	0.131314	-0.0388229
-0.0511242	0.133183	-0.0463527
-0.11758	0.0793092	-0.0488354
0.103746	0.0598977	-0.0902723
0.0430447	0.10654	-0.0964182
-0.0660974	0.0979936	-0.0923493
0.0463624	0.0432337	-0.135946
-0.0463624	0.0432337	-0.135946

  
  
  
  
  
  
  
  
  
  
  